
train_cost:
[4.59752, 4.19886, 4.49559, 4.13156, 4.13638, 4.13476, 4.10858, 4.12537, 4.13017, 4.10069, 4.10889, 4.11223, 4.10356, 4.1112, 4.11699, 4.09804, 4.10515, 4.10871, 4.1137, 4.10201, 4.12434, 4.10321, 4.09266, 4.1173, 4.09647, 4.09165, 4.09704, 4.09031, 4.13081, 4.10732, 4.13202, 4.09283, 4.10531, 4.09734, 4.08707, 4.10311, 4.08899, 4.12556, 4.09653, 4.08563, 4.0879, 4.0926, 4.09678, 4.09307, 4.08701, 4.0907, 4.08692, 4.09648, 4.09098, 4.10854, 4.0833, 4.08687, 4.08039, 4.08287, 4.0821, 4.08646, 4.0861, 4.08293, 4.08519, 4.08339, 4.08155, 4.08556, 4.08437, 4.08924, 4.08538, 4.11423, 4.08283, 4.08259, 4.07788, 4.08236, 4.07883, 4.09292, 4.08839, 4.08163, 4.08191, 4.07936, 4.07459, 4.08644, 4.07642, 4.08164, 4.07823, 4.08972, 4.08492, 4.07598, 4.08294, 4.07363, 4.07452, 4.0839, 4.09147, 4.08312, 4.09108, 4.07991, 4.09, 4.08946, 4.08016, 4.08529, 4.08033, 4.08731, 4.07481, 4.08356, 4.08074, 4.15493, 4.07967, 4.08302, 4.09711, 4.08259, 4.07899, 4.07679, 4.08643, 4.08993, 4.08924, 4.10398, 4.08384, 4.0793, 4.08435, 4.09932, 4.09392, 4.07938, 4.07781, 4.09548, 4.10356, 4.08775]
length=122
max_index=0   max=4.59752
min_index=85   min=4.07363


val_cost:
[4.57577, 4.19547, 4.363, 4.14029, 4.13099, 4.1379, 4.12319, 4.11957, 4.13014, 4.1093, 4.11538, 4.1165, 4.11864, 4.12037, 4.1213, 4.10631, 4.11741, 4.11348, 4.12457, 4.10905, 4.12947, 4.11106, 4.10356, 4.15768, 4.10088, 4.10005, 4.10495, 4.10345, 4.12134, 4.1201, 4.14514, 4.09756, 4.11579, 4.10289, 4.09726, 4.11439, 4.09431, 4.14242, 4.09953, 4.09764, 4.09768, 4.09837, 4.10638, 4.10507, 4.10365, 4.10414, 4.09582, 4.1068, 4.10419, 4.10932, 4.09708, 4.09282, 4.0926, 4.09626, 4.09286, 4.09793, 4.10292, 4.09928, 4.10442, 4.0955, 4.09467, 4.10501, 4.0941, 4.09852, 4.0963, 4.12824, 4.09372, 4.09493, 4.09123, 4.09316, 4.0942, 4.11441, 4.10215, 4.09957, 4.09869, 4.09694, 4.09046, 4.10048, 4.09074, 4.09374, 4.09421, 4.09696, 4.10245, 4.09415, 4.09341, 4.09506, 4.09239, 4.09814, 4.10148, 4.09955, 4.11051, 4.09915, 4.10169, 4.108, 4.09769, 4.10592, 4.1022, 4.10717, 4.09378, 4.10257, 4.09953, 4.1899, 4.10016, 4.09868, 4.11331, 4.10486, 4.10019, 4.09798, 4.10539, 4.11104, 4.10954, 4.11784, 4.1018, 4.09999, 4.10611, 4.10906, 4.11011, 4.10227, 4.10002, 4.1132, 4.12705, 4.10849]
length=122
max_index=0   max=4.57577
min_index=76   min=4.09046


